1 - лампочка включена
0 - лампочка выключена

1 лампа
1. 0
2. 1
----
2 состояния

2 лампочки
1. 0 0
2. 0 1
3. 1 0
4. 1 1
-----
4 состояния = 2 * 2

3 лампочки
1. 0 0 0
2. 0 0 1
3. 0 1 0
4. 0 1 1
5. 1 0 0
6. 1 0 1
7. 1 1 0
8. 1 1 1
---
8 состояний = 2 * 4

4 лампочки
1. 0 0 0 0
2. 0 0 0 1
3. 0 0 1 0
4. 0 0 1 1
5. 0 1 0 0
6. 0 1 0 1
7. 0 1 1 0
8. 0 1 1 1
9. 1 0 0 0
10. 1 0 0 1
11. 1 0 1 0
12. 1 0 1 1
13. 1 1 0 0
14. 1 1 0 1
15. 1 1 1 0
16. 1 1 1 1

16 состояний = 2 * 8

5 лампочек - 2 * 16 = 16 + 16 = 10 + 10 + 6 + 6 = 32
6 лампочек = 2 * 32 = 32 + 32 = 30 + 30 + 2 + 2 = 64
7 лампочек = 2 * 64 = 64 + 64 = 60 + 60 + 4 + 4 = 120 + 8 = 128
8 лампочек = 2 * 128 = 120 + 120 + 8 + 8 = 240 + 16 = 256
